7
98
135
148
186
215
250
283
290
324
334
344
350
360
393
409
426
451
466
484
494
506
511
527
544
565
576
599
621
643
653
659
673
708
716
732
749
769
775
796
814
826
835
850
865
873
891
911
943
967
978
986
1003
1011
1035
1054
1058
1072
1120
1125
1152
1179
1185
1207
1244
1250
1280
1315
1331
1340
1349
1354
1358
1382
1393
1401
1416
1438
1443
1451
1465
1485
1525
1543
1558
1586
1619
1634
1648
1662
1676
1682
1691
1712
1720
1724
1741
1747
1767
1777
1785
1794
1816
1833
1842
1857
1866
1883
1889
1894
1899
1905
1921
1933
1938
1959
1964
1977
1990
1995
2003
2010
2021
2025
2044
2048
2057
2064
2089
2095
2111
2118
2125
2157
2171
2184
2188
2192
2210
2223
2240
2255
2264
2274
2278
2285
2304
2310
2319
2333
2343
2352
2363
2383
2387
2402
2424
2462
2478
2492
2506
2518
2530
2535
2545
2555
2576
2597
2607
2627
2665
2691
2700
2720
2749
2759
2776
2823
2836
2842
2854
2874
2893
2942
2949
2968
2986
3005
3020
3027
3032
3046
3057
3076
3103
3113
3132
3138
3157
3173
3185
3196
3223
3245
3255
3270
3281
3300
3307
3327
3340
3344
3354
3370
3380
3382
3391
3414
3416
3421
3436
3442
3444
3452
3454
3476
3487
3503
3507
3537
3571
3592
3606
3618
3643
3661
3673
3703
3710
3728
3742
3764
3791
3814
3834
3848
3870
3888
3903
3924
3934
3971
4024
4036
4041
4047
4066
4077
4091
4104
4117
4130
4165
4172
4195
4213
4222
4242
4266
4285
4310
4334
4347
4365
4395
4425
4461
4495
4542
4547
4555
4568
4578
4601
4613
4617
4621
4638
4663
4675
4681
4688
4709
4739
4757
4767
4778
4791
4815
4835
4850
4862
4869
4907
4920
4960
4982
5008
5017
5042
5070
5101
5121
5159
5172
5184
5191
5218
5250
5260
5266
5295
5327
5335
5348
5357
5374
5395
5426
5447
5458
5478
5510
5517
5540
5554
5581
5600
5621
5632
5638
5647
5657
5689
5705
5720
5727
5732
5755
5797
5805
5827
5835
5842
5858
5863
5875
5903
5928
5955
5976
5994
6007
6016
6019
6047
6061
6066
6128
6139
6159
6189
6196
6247
6274
6285
6295
6316
6334
6348
6367
6376
6396
6430
6435
6440
6454
6477
6484
6500
6523
6543
6548
6553
6573
6598
6631
6639
6646
6663
6670
6678
6684
6693
6708
6722
6739
6764
6768
6794
6803
6825
6853
6867
6889
6899
6908
6918
6933
6939
6958
6978
7013
7023
7040
7051
7065
7072
7094
7099
7104
7111
7136
7142
7176
7186
7206
7222
7228
7250
7273
7283
7329
7376
7394
7426
7445
7454
7461
7490
7517
7554
7614
7626
7641
7647
7655
7670
7685
7691
7712
7729
7750
7771
7797
7831
7847
7862
7887
7933
7975
7999
8018
8045
8062
8076
8119
8131
8146
8155
8179
8209
8219
8261
8308
8338
8369
8380
8399
8427
8434
8440
8462
8472
8481
8487
8503
8514
8521
8549
8554
8566
8587
8592
8598
8610
8622
8632
8653
8668
8674
8682
8704
8726
8743
8753
8763
8774
8824
8833
8842
8856
8900
8928
8977
8997
9008
9022
9026
9031
9089
9111
9130
9146
9154
9160
9167
9174
9186
9209
9234
9257
9276
9291
9313
9327
9352
9365
9380
9396
9432
9445
9453
9460
9476
9494
9510
9517
9523
9541
9558
9582
9587
9599
9612
9630
9667
9699
9709
9718
9732
9746
9761
9775
9805
9817
9830
9841
9849
9863
9872
9889
9896
9904
9912
9931
9938
9951
9962
9975
9984
9991
9997
10004
10019
10025
10033
10054
10066
10080
10087
10093
10126
10166
10172
10178
10190
10198
10208
10231
10244
10263
10274
10292
10299
10307
10316
10329
10355
10365
10373
10394
10403
10408
10412
10432
10442
10450
10462
10492
10508
10515
10522
10535
10553
10558
10567
10574
10583
10600
10618
10636
10642
10646
10652
10662
10672
10681
10695
10715
10731
10740
10746
10751
10762
10775
10788
10794
10802
10814
10830
10838
10849
10855
10863
10873
10902
10913
10929
10947
10957
11002
11014
11033
11053
11057
11085
11127
11138
11147
11156
11197
11251
11266
11274
11283
11292
11347
11359
11380
11405
11416
11432
11458
11469
11476
11498
11504
11516
11524
11533
11556
11574
11586
11592
11602
11606
11615
11629
11668
11679
11683
11690
11714
11729
11739
11753
11766
11773
11788
11793
11800
11816
11826
11843
11860
11865
11888
11894
11916
11921
11931
11942
11948
11966
11984
12007
12029
12034
12056
12090
12105
12123
12131
12151
12181
12189
12202
12220
12231
12242
12256
12263
12276
12288
12292
12309
12313
12319
12334
12346
12355
12371
12383
12411
12430
12438
12443
12456
12476
12481
12485
12490
12495
12499
12509
12521
12525
12529
12541
12553
12565
12573
12581
12586
12596
12601
12612
12620
12624
12638
12640
12642
12646
12658
12660
12668
12680
12696
12698
12709
12711
12720
12722
12728
12733
12739
12748
12761
12771
12780
12798
12809
12821
12838
12869
12876
12884
12904
12913
12927
12944
12954
12978
12995
13004
13033
13057
13083
13109
13121
13128
13161
13201
13233
13263
13309
13328
13338
13342
13358
13406
13431
13442
13455
13472
13477
13491
13514
13523
13535
13549
13560
13563
13570
13584
13596
13600
13610
13618
13625
13630
13639
13660
13668
13690
13702
13723
13753
13762
13777
13782
13802
13824
13839
13854
13868
13880
13902
13920
13928
13939
13946
13959
13971
13990
13996
14008
14030
14041
14055
14061
14069
14084
14092
14099
14117
14133
14151
14159
14170
14175
14184
14187
14205
14215
14220
14234
14240
14257
14269
14279
14290
14295
14312
14331
14344
14362
14383
14400
14418
14430
14433
14441
14459
14467
14472
14482
14501
14507
14521
14528
14549
14568
14587
14591
14594
14618
14637
14648
14654
14665
14682
14707
14728
14734
14752
14755
14759
14795
14807
14823
14830
14838
14846
14854
14857
14865
14881
14890
14900
14906
14911
14926
14934
14945
14960
14967
14975
14981
14985
14996
15001
15009
15031
15043
15050
15057
15073
15076
15091
15102
15109
15147
15170
15174
15181
15201
15208
15229
15239
15244
15254
15266
15271
15278
15290
15300
15316
15318
15326
15348
15357
15369
15406
15439
15455
15485
15500
15556
15582
15598
15614
15625
15638
15640
15649
15655
15661
15666
15674
15683
15712
15767
15770
15779
15791
15811
15845
15858
15863
15868
15880
15889
15903
15910
15920
15935
15941
15947
15954
15958
15965
15983
16005
16011
16016
16022
16029
16045
16049
16053
16062
16090
16094
16097
16101
16103
16112
16126
16150
16155
16162
16166
16176
16189
16208
16213
16233
16244
16257
16260
16271
16274
16294
16306
16315
16323
16328
16331
16335
16348
16355
16362
16370
16383
16392
16401
16403
16406
16418
16420
16462
16468
16484
16496
16504
16507
16511
16536
16541
16552
16556
16560
16577
16594
16614
16628
16633
16639
16646
16649
16665
16675
16683
16701
16712
16718
16726
16739
16741
16751
16756
16770
16780
16787
16791
16798
16836
16842
16855
16865
16879
16883
16895
16901
16907
16916
16929
16935
16944
16952
16962
16964
16983
16990
16994
16999
17003
17014
17022
17029
17039
17043
17053
17056
17064
17070
17077
17088
17094
17101
17104
17111
17116
17128
17136
17139
17144
17146
17148
17168
17188
17204
17218
17231
17234
17249
17255
17258
17276
17291
17296
17301
17304
17317
17338
17355
17366
17376
17382
17400
17445
17465
17473
17480
17484
17491
17502
17505
17519
17546
17579
17601
17639
17673
17686
17695
17707
17760
17763
17771
17825
17863
17869
17873
17903
17913
17927
17932
17939
17982
17999
18014
18036
18043
18052
18069
18076
18085
18099
18114
18124
18173
18181
18188
18210
18243
18248
18250
18256
18268
18285
18310
18344
18347
18357
18371
18403
18413
18426
18479
18504
18515
18518
18530
18552
18598
18625
18640
18659
18668
18671
18696
18724
18730
18739
18756
18764
18777
18783
18794
18859
18870
18906
18980
18986
18995
19004
19014
19022
19031
19046
19056
19062
19092
19110
19123
19170
19191
19218
19256
19290
19345
19366
19400
19417
19464
19477
19480
19487
19491
19502
19515
19521
19537
19546
19558
19568
19574
19581
19603
19610
19618
19629
19639
19642
19657
19669
19682
19697
19716
19722
19730
19740
19761
19776
19784
19810
19831
19842
19848
19852
19867
19878
19887
19902
19922
19938
19959
20001
20012
20047
20060
20105
20126
20157
20177
20204
20240
20252
20290
20317
20339
20367
20403
20419
20431
20461
20509
20522
20535
20560
20586
20600
20627
20668
20693
20713
20732
20752
20772
20799
20807
20813
20854
20884
20917
20927
20963
20986
21016
21028
21036
21068
21119
21150
21172
21177
21191
21206
21236
21305
21324
21358
21385
21431
21469
21483
21515
21542
21564
21607
21635
21654
21703
21736
21791
21797
21841
21855
21890
21917
21953
21965
21990
22015
22051
22057
22078
22092
22114
22118
22149
22170
22179
22189
22196
22202
22248
22265
22276
22293
22307
22326
22364
22385
22397
22402
22423
22437
22448
22465
22479
22490
22499
22513
22533
22549
22565
22577
22586
22601
22606
22621
22649
22684
22698
22721
22739
22776
22810
22839
22870
22887
22891
22900
22959
22967
22986
22999
23019
23032
23064
23084
23103
23113
23121
23134
23148
23166
23204
23211
23235
23248
23258
23283
23291
23294
23313
23319
23323
23328
23359
23381
23392
23403
23424
23436
23450
23462
23501
23520
23539
23554
23583
23622
23645
23652
23664
23678
23708
23727
23742
23745
23748
23757
23781
23785
23789
23800
23809
23812
23850
23856
23860
23870
23884
23904
23911
23933
23943
23962
23969
23984
24001
24031
24039
24084
24103
24106
24127
24136
24157
24187
24197
24207
24214
24226
24240
24275
24286
24307
24333
24344
24362
24372
24388
24403
24408
24414
24425
24431
24438
24456
24462
24467
24474
24491
24501
24504
24513
24529
24540
24552
24560
24576
24589
24609
24628
24673
24686
24733
24775
24780
24785
24819
24840
24864
24871
24887
24903
24928
24940
24955
24960
24998
25002
25013
25024
25085
25104
25119
25152
25168
25179
25187
25194
25225
25251
25277
25343
25388
25417
25424
25456
25485
25501
25518
25564
25579
25601
25612
25641
25650
25662
25686
25708
25714
25727
25749
25764
25784
25798
25808
25835
25845
25864
25884
25901
25907
25925
25929
25934
25969
25980
25988
25997
26002
26012
26035
26052
26060
26079
26104
26117
26123
26129
26140
26147
26159
26164
26183
26197
26200
26244
26273
26276
26281
26299
26315
26330
26333
26338
26360
26372
26382
26409
26433
26453
26462
26467
26495
26520
26534
26563
26606
26618
26633
26646
26659
26669
26692
26707
26722
26737
26748
26763
26771
26783
26787
26790
26803
26813
26819
26827
26830
26845
26858
26864
26870
26882
26890
26893
26900
26912
26919
26926
26935
26962
26986
27000
27018
27027
27038
27041
27055
27060
27069
27090
27117
27159
27166
27178
27204
27220
27231
27243
27259
27287
27301
27314
27357
27401
27434
27466
27504
27508
27512
27521
27532
27551
27563
27575
27580
27589
27595
27601
27634
27655
27667
27696
27734
27758
27767
27788
27801
27805
27821
27828
27852
27879
27915
27954
27971
27982
28014
28032
28050
28065
28072
28080
28100
28110
28120
28138
28145
28148
28154
28165
28184
28197
28206
28215
28226
28242
28250
28261
28285
28309
28319
28355
28412
28416
28420
28469
28485
28496
28532
28554
28582
28609
28618
28631
28651
28665
28692
28705
28714
28731
28750
28790
28794
28819
28872
28890
28916
28935
28950
28962
29005
29015
29026
29035
29052
29064
29078
29097
29133
29170
29181
29193
29213
29237
29249
29256
29261
29287
29310
29328
29335
29361
29380
29386
29404
29410
29433
29472
29476
29507
29532
29548
29575
29589
29601
29607
29645
29669
29676
29691
29699
29704
29717
29726
29728
29730
29736
29766
29797
29808
29819
29864
29869
29897
29929
29982
30000
30024
30038
30067
30071
30084
30119
30159
30183
30200
30208
30226
30235
30262
30271
30297
30322
30336
30348
30385
30399
30454
30476
30481
30495
30512
30537
30572
30594
30607
30632
30645
30653
30673
30682
30685
30713
30731
30738
30758
30790
30816
30842
30860
30881
30913
30933
30946
30956
30972
30979
30987
30989
31016
31019
31022
31041
31068
31082
31135
31156
31178
31189
31196
31215
31245
31261
31267
31271
31282
31311
31342
31366
31384
31408
31423
31435
31449
31460
31472
31485
31498
31510
31523
31580
31591
31643
31655
31692
31696
31700
31717
31720
31739
31747
31755
31768
31779
31788
31798
31805
31836
31855
31862
31876
31895
31919
31931
31944
31958
31973
31982
31990
31995
32001
32015
32048
32084
32112
32127
32146
32166
32177
32202
32228
32262
32273
32288
32303
32350
32365
32373
32382
32394
32412
32420
32425
32456
32478
32486
32498
32507
32513
32526
32550
32581
32616
32635
32646
32681
32720
32741
32797
32842
32858
32891
32894
32925
32939
32966
32985
33002
33029
33046
33076
33091
33125
33140
33156
33176
33197
33203
33212
33224
33233
33246
33269
33281
33291
33303
33307
33313
33321
33324
33329
33341
33348
33362
33389
33399
33405
33418
33425
33462
33492
33500
33511
33555
33570
33577
33622
33645
33654
33687
33709
33723
33739
33769
33798
33817
33832
33848
33865
33885
33910
33931
33945
33958
33964
33973
33995
34006
34013
34017
34039
34072
34093
34120
34128
34135
34142
34152
34157
34160
34166
34180
34183
34202
34217
34239
34255
34266
34284
34315
34326
34356
34367
34376
34382
34400
34409
34432
34440
34450
34459
34490
34511
34524
34547
34557
34562
34589
34605
34636
34654
34670
34684
34695
34717
34731
34743
34758
34768
34800
34825
34850
34864
34889
34905
34925
34936
34979
35025
35041
35061
35082
35112
35124
35139
35151
35159
35175
35183
35219
35228
35252
35265
35284
35302
35315
35333
35359
35380
35425
35457
35485
35510
35522
35540
35578
35612
35628
35645
35660
35696
35705
35741
35753
35774
35788
35815
35835
35872
35903
35918
35933
35953
35974
35994
36008
36017
36083
36102
36131
36144
36163
36191
36202
36216
36234
36244
36264
36297
36319
36352
36364
36379
36394
36420
36434
36464
36476
36489
36509
36535
36546
36583
36599
36611
36624
36645
36658
36668
36677
36690
36694
36716
36739
36757
36770
36796
36826
36836
36853
36864
36878
36886
36901
36907
36911
36944
36953
36969
36982
37016
37039
37087
37112
37133
37158
37192
37216
37226
37238
37256
37262
37269
37285
37315
37341
37347
37356
37383
37397
37421
37433
37448
37492
37532
37566
37579
37592
37606
37628
37647
37687
37707
37719
37733
37743
37757
37769
37783
37805
37812
37817
37825
37837
37845
37864
37885
37890
37898
37904
37936
37980
38013
38039
38050
38060
38085
38100
38133
38171
38177
38196
38224
38254
38268
38303
38328
38352
38389
38400
38409
38439
38493
38504
38522
38546
38572
38596
38608
38648
38685
38692
38706
38713
38727
38735
38759
38800
38810
38834
38860
38879
38891
38897
38903
38916
38927
38940
38955
38965
38971
38980
38987
39009
39021
39038
39053
39062
39071
39117
39130
39149
39167
39178
39194
39201
39217
39225
39247
39252
39264
39281
39288
39355
39378
39382
39412
39420
39448
39461
39473
39481
39485
39501
39518
39533
39561
39573
39600
39620
39643
39649
39663
39673
39716
39725
39739
39751
39771
39791
39802
39828
39830
39860
39880
39904
39906
39908
39913
39920
39941
39947
39956
39969
39976
39987
39991
39997
40014
40049
40063
40065
40067
40076
40081
40091
40106
40119
40125
40141
40153
40160
40171
40191
40219
40229
40248
40270
40286
40299
40311
40364
40383
40397
40430
40435
40446
40470
40496
40522
40528
40545
40558
40574
40583
40596
40613
40630
40637
40658
40668
40684
40697
40712
40717
40723
40739
40754
40767
40777
40803
40819
40824
40847
40860
40865
40873
40879
40893
40896
40910
40917
40923
40935
40938
40958
40964
40995
41002
41010
41019
41040
41049
41059
41071
41080
41091
41099
41113
41130
41142
41152
41158
41167
41175
41195
41204
41221
41238
41242
41255
41275
41278
41309
41313
41333
41343
41355
41366
41378
41393
41401
41420
41432
41454
41459
41471
41489
41497
41514
41535
41554
41569
41577
41591
41597
41600
41608
41620
41630
41637
41644
41659
41674
41697
41709
41735
41745
41749
41756
41759
41768
41780
41791
41799
41818
41828
41845
41862
41868
41874
41900
41912
41935
41955
41965
41989
42045
42060
42069
42079
42091
42100
42107
42187
42211
42237
42253
42257
42263
42274
42283
42305
42323
42337
42345
42355
42359
42365
42373
42384
42390
42401
42413
42423
42429
42444
42454
42459
42475
42486
42494
42499
42526
42531
42544
42564
42588
42596
42599
42627
42637
42667
42673
42682
42703
42713
42719
42728
42749
42763
42769
42772
42779
42796
42803
42814
42847
42857
42872
42902
42921
42953
42963
42975
42988
43013
43019
43031
43049
43064
43089
43100
43113
43123
43149
43166
43184
43199
43218
43223
43234
43252
43272
43282
43299
43309
43319
43335
43345
43366
43387
43399
43435
43448
43481
43503
43510
43524
43532
43540
43547
43566
43576
43608
43630
43640
43668
43677
43702
43722
43753
43763
43775
43791
43810
43832
43844
43862
43884
43936
43966
43974
43980
44003
44017
44039
44056
44065
44083
44104
44111
44130
44143
44161
44183
44212
44219
44229
44245
44255
44273
44308
44345
44378
44397
44454
44495
44531
44564
44567
44586
44621
44637
44686
44726
44733
44771
44796
44805
44814
44826
44852
44892
44911
44956
44964
44993
45008
45031
45048
45094
45142
45212
45217
45227
45245
45277
45336
45353
45365
45395
45409
45415
45418
45428
45442
45453
45474
45484
45494
45519
45526
45546
45551
45603
45610
45626
45638
45673
45705
45729
45754
45811
45824
45835
45845
45854
45870
45883
45886
45901
45907
45946
45968
45986
46003
46016
46028
46041
46044
46051
46060
46067
46077
46086
46111
46124
46134
46137
46146
46168
46200
46230
46251
46262
46272
46285
46296
46299
46310
46328
46350
46355
46366
46380
46394
46405
46408
46415
46435
46473
46498
46536
46571
46596
46639
46672
46700
46715
46721
46757
46779
46810
46825
46851
46859
46886
46895
46919
46927
46974
46984
46992
46996
47019
47051
47073
47079
47095
47115
47161
47190
47232
47254
47282
47295
47325
47341
47350
47394
47410
47416
47428
47437
47449
47464
47482
47498
47506
47515
47525
47556
47583
47592
47601
47604
47631
47664
47683
47703
47714
47765
47792
47803
47830
47853
47869
47894
47902
47912
47915
47930
47950
47959
47979
47989
48024
48043
48059
48066
48089
48123
48146
48162
48173
48179
48198
48218
48252
48268
48278
48299
48306
48312
48320
48354
48372
48400
48426
48463
48478
48490
48512
48522
48525
48541
48562
48574
48593
48618
48651
48699
48711
48727
48732
48743
48747
48761
48780
48809
48822
48832
48845
48851
48861
48871
48891
48900
48915
48931
48946
48979
48989
49002
49013
49031
49070
49106
49129
49144
49163
49189
49197
49237
49256
49272
49276
49280
49300
49309
49315
49326
49333
49340
49348
49351
49357
49362
49373
49377
49394
49409
49421
49441
49451
49461
49476
49487
49501
49534
49545
49563
49569
49591
49608
49622
49645
49670
49682
49694
49708
49720
49735
49745
49764
49787
49804
49818
49836
49853
49863
49876
49891
49909
49915
49921
49931
49943
49957
49980
49985
49994
50011
50033
50056
50082
50095
50105
50117
50125
50133
50144
50161
50164
50175
50189
50196
50198
50211
50223
50231
50241
50264
50280
50294
50304
50315
50321
50340
50352
50370
50383
50396
50407
50428
50438
50444
50462
50486
50494
50507
50522
50544
50566
50591
50598
50606
50619
50627
50637
50649
50656
50662
50668
50676
50688
50715
50723
50742
50750
50769
50784
50796
50805
50813
50817
50827
50840
50858
50870
50885
50899
50910
50917
50929
50948
50960
50977
50984
50988
50996
51000
51018
51030
51035
51041
51046
51055
51058
51062
51067
51071
51079
51085
51091
51103
51111
51116
51132
51140
51146
51152
51158
51162
51168
51191
51207
51220
51227
51231
51237
51244
51250
51257
51266
51278
51292
51297
51304
51310
51316
51325
51330
51341
51371
51373
51377
51383
51397
51409
51414
51419
51428
51437
51443
51459
51487
51507
51523
51532
51539
51544
51576
51580
51590
51596
51601
51615
51630
51695
51722
51747
51758
51777
51810
51817
51823
51845
51878
51909
51941
51972
51998
52030
52052
52055
52075
52107
52133
52158
52179
52197
52213
52230
52240
52261
52275
52298
52317
52325
52333
52341
52355
52385
52423
52446
52451
52456
52480
52501
52514
52528
52564
52582
52607
52631
52646
52670
52687
52702
52734
52761
52767
52783
52802
52818
52848
52859
52885
52898
52906
52916
52958
52981
53024
53042
53075
53084
53091
53096
53100
53130
53162
53171
53185
53198
53202
53214
53236
53249
53272
53284
53293
53301
53309
53316
53324
53357
53389
53402
53407
53413
53437
53456
53479
53499
53513
53544
53596
53620
53632
53650
53675
53700
53720
53741
53773
53782
53793
53803
53815
53827
53836
53854
53861
53864
53874
53883
53891
53904
53908
53922
53966
53997
54017
54030
54074
54111
54126
54153
54189
54228
54274
54280
54295
54314
54343
54364
54400
54438
54477
54495
54509
54553
54567
54590
54610
54646
54661
54714
54733
54747
54766
54793
54813
54824
54837
54846
54858
54871
54891
54908
54912
54923
54937
54943
54956
54985
54997
55006
55037
55066
55111
55123
55133
55173
55193
55235
55238
55277
55311
55339
55372
55382
55399
55409
55424
55476
55512
55532
55551
55555
55593
55610
55629
55646
55656
55661
55685
55698
55712
55729
55736
55755
55763
55793
55825
55863
55874
55912
55932
55947
55959
55982
56008
56017
56028
56038
56066
56091
56101
56104
56114
56123
56144
56171
56230
56272
56278
56320
56330
56372
56410
56437
56464
56492
56504
56511
56529
56562
56602
56632
56692
56703
56738
56749
56767
56780
56790
56813
56876
56887
56893
56904
56919
56926
56930
56946
56951
56956
56975
57005
57031
57042
57061
57074
57086
57093
57104
57111
57120
57129
57136
57149
57158
57164
57170
57179
57186
57197
57203
57209
57216
57221
57232
57239
57245
57250
57263
57266
57280
57290
57294
57303
57326
57333
57344
57347
57351
57359
57364
57371
57375
57381
57386
57388
57391
57397
57399
57403
57417
57426
57435
57443
57452
57463
57467
57480
57482
57492
57507
57519
57524
57537
57548
57553
57577
57599
57614
57646
57655
57669
57682
57721
57734
57743
57754
57762
57770
57783
57791
57801
57807
57813
57826
57834
57844
57855
57867
57872
57876
57887
57904
57911
57925
57932
57935
57947
57960
57966
57974
57995
58015
58023
58038
58051
58062
58064
58071
58074
58081
58095
58104
58132
58146
58150
58154
58201
58238
58252
58269
58282
58297
58307
58321
58334
58343
58357
58422
58450
58501
58509
58520
58531
58558
58583
58594
58613
58624
58675
58682
58692
58696
58738
58745
58791
58806
58815
58830
58837
58845
58854
58864
58886
58893
58906
58912
58917
58937
58947
58954
58968
58976
58984
58991
59002
59015
59047
59057
59066
59111
59120
59127
59139
59153
59160
59165
59170
59178
59184
59191
59198
59207
59215
59222
59232
59241
59250
59260
59268
59275
59281
59289
59300
59312
59317
59327
59336
59344
59385
59399
59408
59510
59546
59570
59633
59663
59673
59754
59774
59823
59884
59921
59948
59998
60028
60036
60069
60106
60128
60159
60171
60182
60251
60290
60312
60323
60342
60352
60362
60372
60436
60479
60508
60558
60604
60685
60710
60724
60738
60764
60800
60818
60839
60874
60946
60974
61007
61030
61050
61090
61117
61140
61148
61201
61231
61295
61348
61378
61480
61519
61531
61547
61559
61584
61622
61636
61646
61681
61707
61719
61731
61740
61773
61808
61830
61850
61869
61906
61932
61943
61964
61976
61993
62007
62026
62045
62067
62082
62088
62111
62131
62150
62158
62190
62200
62232
62260
62281
62300
62326
62348
62388
62409
62444
62475
62483
62488
62493
62500
62507
62516
62530
62557
62602
62613
62660
62676
62720
62758
62772
62803
62812
62822
62838
62854
62867
62882
62892
62903
62913
62924
62942
62957
62967
62974
62983
62995
63012
63021
63031
63038
63051
63064
63074
63082
63108
63119
63133
63157
63172
63176
63182
63188
63198
63211
63237
63250
63281
63299
63312
63343
63367
63396
63416
63431
63465
63468
63479
63498
63506
63543
63551
63585
63605
63614
63617
63633
63641
63648
63665
63703
63715
63743
63771
63793
63814
63845
63863
63912
63932
63972
64006
64033
64044
64077
64102
64116
64132
64148
64162
64178
64197
64200
64223
64254
64278
64302
64331
64343
64354
64381
64390
64408
64425
64460
64487
64556
64581
64620
64679
64697
64722
64771
64804
64844
64868
64895
64965
64970
64976
65012
65025
65047
65076
65106
65130
65161
65178
65215
65229
65233
65263
65302
65339
65345
65392
65406
65434
65455
65478
65527
65539
65543
65567
65588
65623
65678
65700
65711
65716
65737
65744
65760
65772
65787
65798
65807
65812
65827
65835
65855
65862
65875
65926
65945
65984
65997
66016
66036
66050
66072
66103
66122
66154
66205
66243
66263
66288
66314
66325
66374
66405
66439
66482
66516
66555
66610
66646
66686
66698
66727
66741
66758
66773
66796
66822
66833
66847
66859
66897
66901
66909
66916
66922
66933
66942
66955
66966
66983
66986
67009
67019
67032
67041
67047
67054
67066
67076
67091
67100
67108
67122
67136
67150
67168
67183
67193
67201
67208
67216
67238
67252
67259
67272
67279
67282
67295
67330
67347
67359
67368
67388
67404
67408
67424
67436
67477
67491
67514
67523
67530
67536
67548
67555
67574
67587
67608
67632
67644
67655
67668
67679
67695
67701
67716
67725
67744
67751
67758
67787
67815
67843
67866
67876
67887
67901
67916
67933
67964
67976
67987
68025
68061
68075
68100
68115
68139
68148
68175
68190
68205
68231
68240
68255
68262
68293
68313
68322
68336
68345
68354
68373
68381
68402
68410
68430
68441
68452
68458
68471
68484
68496
68510
68518
68527
68532
68538
68565
68572
68618
68634
68645
68663
68681
68688
68698
68711
68721
68728
68740
68747
68759
68765
68775
68783
68787
68795
68819
68848
68861
68879
68883
68891
68897
68909
68925
68943
68949
68965
68975
68979
68996
69005
69015
69042
69054
69072
69093
69103
69130
69138
69150
69159
69172
69185
69193
69225
69249
69253
69266
69279
69292
69307
69311
69319
69363
69417
69439
69452
69527
69536
69572
69622
69678
69697
69748
69812
69887
69948
69999
70021
70060
70073
70095
70111
70180
70200
70228
70254
70287
70312
70332
70373
70411
70443
70458
70470
70475
70498
70516
70534
70568
70580
70593
70613
70623
70648
70684
70723
70729
70735
70746
70777
70809
70819
70845
70870
70896
70930
70983
71044
71073
71084
71120
71160
71196
71202
71210
71216
71223
71237
71273
71293
71297
71341
71350
71370
71380
71386
71394
71416
71431
71450
71454
71493
71521
71603
71609
