49
97
134
169
191
220
244
292
308
343
356
373
378
424
491
517
566
605
648
691
822
854
881
909
931
963
994
1024
1053
1070
1120
1182
1216
1280
1331
1379
1401
1427
1446
1492
1550
1585
1644
1657
1670
1744
1800
1811
1833
1867
1896
1926
1944
1955
1984
1993
2041
2076
2107
2153
2178
2232
2248
2277
2295
2315
2352
2369
2380
2418
2456
2490
2508
2569
2609
2627
2679
2684
2714
2741
2771
2776
2798
2811
2851
2881
2911
2928
2948
2975
3004
3026
3034
3070
3083
3119
3123
3146
3152
3186
3204
3230
3247
3264
3277
3316
3334
3357
3370
3428
3449
3457
3474
3505
3518
3537
3552
3564
3569
3590
3617
3645
3665
3686
3698
3713
3725
3730
3738
3756
3759
3778
3791
3851
3868
3891
3916
3925
3945
3953
3968
3991
4019
4044
4054
4071
4092
4109
4117
4137
4152
4168
4172
4182
4208
4216
4249
4254
4269
4275
4285
4288
4302
4305
4311
4321
4327
4333
4369
4375
4382
4386
4392
4454
4472
4498
4518
4544
4586
4600
4628
4635
4655
4674
4682
4697
4730
4742
4750
4762
4793
4800
4817
4838
4864
4884
4914
4924
5000
5028
5053
5091
5110
5148
5190
5204
5264
5297
5321
5357
5435
5448
5482
5508
5542
5587
5619
5632
5642
5681
5695
5719
5742
5757
5785
5805
5860
5899
5924
5949
6002
6016
6076
6127
6143
6183
6222
6242
6254
6274
6311
6354
6379
6411
6424
6469
6522
6591
6624
6655
6673
6694
6724
6758
6766
6788
6817
6854
6873
6888
6912
6961
6987
7038
7059
7101
7114
7134
7160
7179
7203
7226
7260
7325
7352
7381
7401
7429
7457
7468
7483
7505
7541
7560
7604
7659
7674
7685
7697
7717
7756
7770
7795
7809
7832
7868
7895
7936
7973
7986
8013
8025
8035
8045
8092
8105
8118
8134
8149
8170
8189
8211
8235
8252
8264
8277
8304
8333
8343
8358
8377
8392
8407
8417
8425
8462
8484
8510
8519
8541
8572
8583
8599
8618
8631
8640
8645
8656
8666
8681
8710
8716
8733
8744
8760
8778
8791
8804
8825
8839
8852
8865
8876
8884
8918
8944
8961
8978
8994
9001
9010
9014
9028
9055
9100
9132
9152
9182
9205
9220
9240
9245
9266
9295
9306
9315
9332
9354
9368
9395
9415
9428
9457
9478
9488
9506
9533
9548
9557
9560
9594
9610
9619
9658
9711
9737
9766
9795
9818
9826
9843
9882
9893
9904
9957
9997
10016
10059
10080
10102
10145
10177
10190
10242
10263
10288
10310
10325
10350
10384
10423
10474
10497
10507
10534
10570
10602
10640
10660
10673
10684
10717
10746
10763
10795
10827
10857
10872
10911
10923
10962
11003
11036
11058
11096
11121
11138
11167
11208
11235
11252
11276
11303
11322
11363
11381
11403
11443
11480
11521
11532
11566
11587
11642
11661
11695
11732
11776
11786
11815
11840
11860
11876
11897
11902
11919
11931
11939
11949
11961
11972
11982
11993
12002
12011
12022
12027
12030
12044
12046
12051
12061
12067
12069
12073
12080
12087
12094
12108
12114
12124
12153
12161
12175
12185
12196
12209
12221
12226
12229
12245
12259
12270
12282
12287
12294
12318
12326
12334
12343
12346
12351
12371
12377
12383
12389
12400
12406
12410
12421
12431
12444
12465
12477
12491
12534
12545
12556
12558
12574
12585
12587
12592
12614
12648
12668
12684
12692
12709
12712
12721
12736
12754
12760
12762
12769
12781
12799
12811
12824
12830
12843
12860
12868
12879
12906
12918
12951
12968
12980
12982
12996
13023
13030
13045
13078
13091
13106
13130
13159
13169
13206
13213
13220
13245
13254
13263
13292
13312
13330
13336
13344
13367
13381
13394
13432
13441
13458
13470
13472
13491
13512
13517
13523
13545
13555
13583
13595
13613
13642
13648
13677
13680
13690
13698
13704
13722
13735
13773
13790
13829
13859
13890
13912
13929
13967
13995
14014
14039
14065
14088
14123
14150
14165
14195
14235
14274
14305
14333
14388
14407
14442
14467
14495
14523
14534
14566
14623
14648
14666
14697
14714
14747
14760
14781
14806
14830
14851
14868
14891
14907
14934
14976
15002
15017
15042
15059
15094
15120
15143
15155
15180
15200
15214
15249
15262
15284
15316
15331
15353
15375
15404
15428
15442
15469
15477
15495
15526
15572
15602
15618
15635
15649
15673
15698
15722
15750
15792
15799
15818
15840
15894
15911
15935
15950
15969
16007
16026
16046
16064
16086
16126
16130
16162
16177
16192
16230
16257
16299
16318
16342
16358
16370
16404
16484
16498
16538
16579
16596
16641
16658
16679
16695
16701
16706
16721
16732
16750
16762
16785
16807
16830
16844
16865
16883
16905
16921
16943
16952
16962
16981
16994
17036
17055
17085
17111
17121
17149
17162
17186
17215
17246
17281
17330
17364
17386
17396
17406
17423
17439
17452
17485
17528
17540
17561
17574
17602
17620
17658
17669
17696
17724
17750
17786
17797
17810
17831
17888
17912
17944
17964
17984
18000
18010
18016
18042
18063
18074
18096
18125
18141
18172
18194
18227
18257
18263
18272
18305
18329
18355
18373
18392
18414
18461
18478
18508
18526
18540
18570
18596
18615
18638
18651
18687
18697
18729
18753
18766
18793
18822
18841
18867
18902
18926
18957
18991
19007
19039
19060
19093
19104
19124
19161
19171
19189
19203
19245
19271
19304
19315
19352
19381
19403
19439
19461
19480
19492
19505
19541
19556
19569
19581
19589
19609
19617
19635
19643
19651
19659
19680
19695
19742
19759
19783
19806
19821
19843
19855
19878
19902
19926
19943
19959
19973
19995
20016
20028
20032
20049
20055
20079
20114
20125
20136
20150
20166
20184
20206
20253
20264
20278
20301
20311
20341
20368
20396
20411
20422
20474
20489
20521
20531
20539
20546
20555
20571
20579
20597
20611
20638
20657
20688
20696
20702
20709
20726
20745
20754
20789
20823
20842
20859
20885
20914
20929
20944
20971
20986
21013
21052
21094
21114
21126
21143
21156
21170
21194
21206
21217
21234
21251
21275
21294
21310
21327
21347
21359
21373
21387
21407
21424
21438
21451
21457
21473
21508
21532
21544
21555
21562
21579
21586
21622
21641
21666
21687
21711
21735
21788
21804
21825
21845
21860
21868
21880
21886
21892
21906
21915
21933
21955
21970
22003
22043
22063
22089
22117
22134
22157
22173
22199
22241
22282
22303
22315
22321
22325
22373
22395
22444
22481
22506
22545
22579
22615
22629
22688
22706
22719
22772
22789
22798
22847
22875
22907
22937
22979
22995
23009
23041
23079
23104
23124
23149
23160
23216
23232
23253
23271
23318
23345
23356
23378
23390
23430
23455
23531
23564
23577
23609
23644
23658
23688
23703
23717
23737
23765
23803
23849
23857
23917
23919
23925
23934
23955
23964
23973
24021
24046
24080
24089
24106
24125
24136
24157
24178
24212
24252
24259
24310
24340
24351
24361
24368
24387
24403
24420
24459
24471
24481
24492
24502
24514
24538
24557
24594
24618
24663
24695
24711
24729
24745
24781
24812
24824
24840
24859
24880
24901
24922
24946
24973
25004
25022
25035
25074
25105
25137
25146
25180
25198
25239
25268
25283
25314
25332
25368
25403
25436
25449
25469
25494
25511
25517
25531
25554
25572
25588
25617
25623
25638
25649
25666
25683
25711
25732
25762
25799
25821
25840
25843
25865
25902
25922
25936
25946
25967
25987
26007
26036
26046
26065
26104
26112
26138
26152
26169
26188
26217
26254
26270
26282
26301
26337
26361
26405
26422
26434
26471
26489
26523
26544
26565
26574
26600
26620
26646
26681
26697
26723
26746
26798
26812
26821
26847
26860
26883
26910
26932
26954
26967
26997
27037
27074
27111
27149
27185
27213
27226
27273
27291
27318
27342
27368
27396
27411
27461
27500
27547
27575
27606
27632
27652
27674
27702
27750
27778
27790
27806
27821
27830
27844
27865
27874
27889
27908
27919
27942
27983
28028
28054
28066
28138
28156
28188
28210
28253
28282
28312
28324
28336
28365
28415
28430
28460
28511
28551
28567
28590
28624
28654
28663
28690
28719
28733
28745
28760
28783
28810
28822
28833
28850
28863
28903
28924
28928
28945
28954
28970
28993
29005
29020
29030
29042
29059
29073
29096
29125
29132
29146
29168
29183
29206
29227
29250
29271
29305
29323
29353
29373
29387
29399
29411
29445
29456
29468
29480
29501
29538
29556
29575
29592
29606
29631
29661
29676
29686
29707
29728
29741
29754
29771
29805
29823
29846
29871
29889
29905
29922
29929
29943
29985
30030
30042
30078
30093
30108
30136
30154
30168
30190
30225
30252
30269
30301
30337
30377
30403
30415
30436
30490
30510
30527
30543
30563
30575
30587
30611
30624
30637
30645
30676
30699
30722
30740
30753
30765
30804
30815
30840
30855
30867
30886
30906
30930
30950
30963
30993
31001
31012
31024
31051
31076
31088
31103
31122
31132
31142
31161
31174
31191
31209
31226
31267
31291
31335
31358
31401
31465
31507
31550
31575
31604
31637
31673
31699
31732
31754
31778
31786
31796
31809
31840
31861
31904
31941
31981
31995
32025
32050
32074
32102
32142
32179
32211
32245
32290
32317
32402
32462
32519
32596
32673
32693
32753
32814
32825
32875
32892
32930
32959
32993
33018
33063
33095
33128
33163
33188
33223
33288
33320
33339
33365
33378
33386
33423
33505
33549
33565
33622
33634
33658
33670
33704
33741
33751
33766
33789
33818
33854
33883
33915
33956
33986
34011
34036
34067
34094
34137
34203
34212
34251
34284
34302
34365
34420
34435
34448
34465
34489
34513
34549
34582
34597
34643
34674
34715
34757
34781
34813
34847
34869
34892
34903
34936
34968
34982
35004
35027
35048
35072
35102
35118
35149
35164
35189
35201
35217
35239
35304
35339
35364
35383
35399
35434
35452
35463
35489
35535
35562
35593
35629
35651
35668
35695
35726
35769
35786
35805
35844
35884
35925
35943
35975
35991
36028
36056
36079
36099
36110
36125
36135
36143
36157
36216
36226
36249
36273
36286
36298
36347
36353
36369
36391
36420
36437
36472
36487
36513
36546
36558
36573
36594
36622
36631
36655
36675
36696
36710
36754
36773
36784
36816
36837
36861
36870
36892
36934
36973
36988
37005
37042
37060
37082
37104
37120
37128
37150
37161
37185
37214
37232
37255
37287
37317
37338
37346
37366
37377
37398
37423
37440
37470
37480
37487
37496
37513
37539
37577
37588
37607
37626
37640
37677
37699
37713
37734
37757
37775
37780
37785
37792
37815
37844
37868
37887
37901
37935
37956
37960
37975
37985
38010
38027
38037
38079
38105
38119
38130
38142
38154
38161
38179
38190
38216
38228
38240
38248
38259
38275
38299
38323
38347
38361
38375
38397
38438
38475
38500
38548
38600
38633
38650
38680
38721
38764
38795
38821
38857
38875
38902
38917
38950
38995
39043
39068
39095
39127
39147
39169
39201
39251
39287
39316
39344
39383
39405
39474
39482
39497
39518
39536
39587
39640
39658
39697
39759
39786
39806
39846
39866
39905
39923
39967
40004
40028
40061
40087
40119
40130
40168
40187
40207
40256
40277
40293
40319
40362
40412
40443
40481
40513
40533
40578
40610
40637
40683
40728
40755
40766
40799
40810
40834
40858
40876
40884
40911
40936
40972
41004
41028
41039
41063
41070
41090
41113
41144
41184
41222
41249
41278
41297
41336
41351
41420
41438
41451
41462
41481
41497
41507
41529
41564
41596
41604
41619
41654
41668
41690
41716
41735
41788
41800
41829
41849
41884
41906
41940
41955
41965
41985
42005
42013
42058
42087
42097
42121
42147
42154
42185
42197
42222
42260
42268
42306
42345
42401
42414
42430
42450
42456
42467
42490
42505
42523
42547
42573
42593
42659
42675
42689
42695
42712
42727
42766
42794
42829
42866
42880
42914
42946
42974
43005
43035
43055
43068
43125
43147
43222
43240
43260
43292
43306
43337
43357
43382
43419
43458
43495
43562
43600
43619
43658
43721
43743
43763
43777
43801
43832
43852
43863
43876
43904
43929
43955
43976
43996
44023
44050
44074
44097
44128
44184
44208
44247
44279
44302
44351
44386
44426
44445
44485
44492
44504
44534
44542
44553
44576
44601
44620
44644
44653
44673
44689
44719
44745
44765
44784
44827
44842
44865
44901
44923
44962
44999
45011
45031
45057
45098
45133
45161
45186
45208
45213
45227
45252
45265
45293
45321
45348
45390
45428
45467
45488
45502
45530
45609
45663
45670
45695
45726
45762
45771
45792
45802
45818
45826
45858
45875
45909
45948
45987
46021
46044
46073
46103
46135
46161
46216
46253
46320
46350
46361
46392
46408
46434
46472
46499
46511
46544
46567
46606
46610
46630
46666
46679
46714
46750
46768
46792
46812
46827
46857
46884
46925
46946
46979
46995
47080
47116
47128
47152
47179
47189
47207
47231
47263
47343
47379
47406
47424
47443
47457
47465
47488
47521
47548
47562
47566
47581
47608
47659
47671
47685
47730
47747
47793
47832
47870
47887
47928
47940
47979
47994
48058
48072
48105
48123
48141
48178
48189
48222
48253
48272
48289
48300
48309
48324
48338
48356
48371
48400
48418
48431
48467
48488
48521
48538
48565
48583
48602
48616
48637
48658
48690
48723
48737
48767
48792
48812
48828
48846
48870
48900
48922
48937
48948
48991
49000
49014
49045
49057
49076
49087
49100
49119
49131
49143
49157
49170
49201
49221
49241
49274
49283
49319
49343
49349
49386
49407
49422
49445
49467
49490
49537
49560
49588
49609
49626
49647
49655
49692
49751
49765
49792
49816
49831
49847
49884
49894
49899
49916
49932
49945
49957
49969
49982
50021
50035
50064
50074
50112
50142
50162
50171
50212
50227
50240
50275
50297
50318
50343
50353
50387
50417
50425
50473
50496
50523
50545
50574
50602
50640
50688
50714
50743
50758
50785
50809
50826
50845
50853
50873
50885
50895
50916
50931
50943
50958
50973
50990
51001
51006
51034
51048
51078
51116
51134
51152
51178
51186
51225
51257
51272
51291
51325
51364
51382
51392
51407
51438
51462
51486
51512
51538
51593
51630
51653
51670
51687
51717
51741
51760
51794
51799
51820
51836
51861
51878
51888
51921
51940
51960
51968
51985
51998
52003
52022
52046
52081
52098
52120
52143
52156
52178
52189
52206
52213
52219
52230
52237
52252
52260
52277
52302
52325
52334
52347
52367
52384
52398
52412
52432
52444
52474
52510
52536
52554
52576
52609
52620
52677
52686
52732
52779
52802
52835
52858
52885
52914
52944
52970
53023
53050
53072
53095
53123
53139
53169
53190
53196
53216
53231
53259
53265
53301
53307
53338
53360
53392
53432
53451
53475
53518
53548
53553
53563
53587
53603
53682
53722
53771
53787
53812
53837
53870
53913
53933
53974
53992
54005
54019
54035
54055
54083
54110
54140
54155
54189
54235
54261
54313
54326
54392
54402
54418
54494
54518
54539
54571
54583
54638
54650
54666
54673
54684
54694
54709
54742
54760
54782
54807
54820
54831
54869
54891
54912
54919
54937
54998
55015
55032
55044
55065
55081
55101
55114
55133
55167
55181
55202
55229
55239
55255
55281
55286
55303
55309
55331
55336
55341
55345
55360
55373
55382
55393
55408
55420
55431
55437
55449
55457
55470
55484
55493
55502
55531
55563
55572
55593
55606
55627
55642
55654
55668
55684
55700
55736
55750
55767
55784
55830
55846
55887
55911
55922
55932
55947
55954
55969
55979
55983
55994
56030
56042
56060
56067
56090
56125
56141
56161
56179
56210
56233
56258
56320
56344
56361
56371
56404
56410
56413
56445
56455
56479
56495
56506
56515
56525
56543
56567
56580
56601
56628
56656
56664
56686
56736
56750
56758
56773
56798
56823
56831
56850
56866
56875
56879
56908
56930
56948
56984
57000
57016
57030
57040
57064
57071
57076
57096
57109
57128
57139
57153
57164
57174
57202
57231
57237
57244
57257
57292
57300
57318
57354
57373
57382
57423
57449
57464
57482
57512
57527
57535
57549
57562
57582
57599
57613
57635
57647
57653
57677
57695
57706
57721
57734
57764
57777
57790
57803
57811
57833
57863
57881
57892
57919
57929
57976
58004
58015
58024
58049
58073
58102
58124
58142
58172
58199
58229
58243
58284
58327
58365
58387
58411
58433
58453
58484
58499
58524
58549
58583
58600
58613
58637
58657
58681
58700
58724
58743
58786
58798
58830
58849
58898
58936
58947
58987
58994
59011
59030
59052
59072
59086
59097
59118
59137
59160
59209
59226
59239
59275
59303
59330
59360
59393
59422
59438
59454
59464
59483
59520
59533
59567
59588
59609
59621
59642
59668
59725
59731
59766
59791
59812
59838
59855
59876
59928
59945
59973
59988
60014
60034
60047
60091
60137
60149
60161
60175
60187
60211
60222
60242
60262
60284
60290
60316
60328
60349
60358
60391
60413
60428
60452
60469
60482
60504
60532
60561
60571
60585
60597
60625
60635
60651
60674
60693
60700
60706
60725
60742
60777
60787
60818
60832
60854
60872
60891
60909
60921
60943
60960
60978
61003
61023
61055
61073
61111
61140
61161
61181
61200
61229
61244
61274
61282
61293
61308
61315
61330
61343
61357
61378
61392
61401
61421
61437
61451
61460
61478
61487
61505
61538
61550
61560
61574
61589
61609
61635
61654
61675
61689
61711
61731
61748
61774
61798
61813
61832
61844
61857
61869
61879
61898
61923
61930
61948
61979
62015
62044
62051
62086
62117
62132
62168
62183
62210
62231
62236
62248
62262
62283
62298
62308
62317
62358
62385
62395
62411
62440
62471
62519
62537
62548
62600
62629
62684
62715
62740
62772
62786
62830
62844
62873
62902
62909
62925
62975
62985
63024
63050
63074
63120
63168
63182
63201
63225
63252
63264
63276
63305
63348
63363
63408
63420
63436
63471
63477
63496
63529
63540
63564
63593
63635
63691
63731
63752
63784
63793
63830
63888
63919
63934
63977
64012
64017
64035
64045
64056
64102
64130
64151
64173
64221
64239
64255
64273
64315
64330
64359
64384
64402
64433
64490
64539
64590
64597
64613
64650
64690
64704
64720
64742
64771
64790
64795
64844
64853
64871
64879
64913
64938
64954
64989
65018
65039
65067
65102
65119
65156
65177
65219
65242
65261
65287
65311
65347
65381
65393
65414
65436
65475
65495
65518
65547
65569
65585
65601
65602
65621
65644
65677
65700
65720
65737
65759
65779
65789
65833
65846
65879
65931
65967
66007
66020
66040
66062
66097
66108
66127
66167
66215
66236
66259
66279
66332
66361
66380
66422
66456
66487
66503
66514
66532
66569
66572
66584
66622
66646
66661
66676
66696
66725
66744
66762
66787
66801
66814
66860
66872
66892
66903
66932
66970
66989
67017
67034
67073
67101
67124
67152
67180
67198
67230
67259
67299
67342
67351
67393
67429
67445
67487
67503
67510
67537
67574
67610
67628
67638
67653
67694
67723
67739
67756
67781
67786
67817
67842
67880
67901
67923
67943
67958
67994
68001
68023
68060
68094
68135
68141
68170
68197
68208
68249
68271
68298
68315
68361
68395
68408
68463
68491
68539
68564
68574
68612
68632
68637
68680
68748
68777
68795
68826
68860
68871
68908
68918
68952
68960
68999
69038
69066
69089
69111
69127
69133
69167
69180
69209
69251
69269
69292
69331
69364
69375
69386
69395
69432
69439
69462
69470
69499
69522
69531
69556
69585
69598
69627
69639
69645
69660
69693
69712
69749
69770
69801
69812
69827
69836
69852
69858
69927
69950
69968
69986
70004
70009
70015
70027
70038
70072
70081
70109
70120
70156
70185
70199
70226
70259
70273
70307
70335
70386
70408
70443
70508
70561
70593
70650
70677
70704
70723
70746
70764
70799
70817
70839
70855
70887
70912
70934
70955
70982
71060
71071
71094
71125
71150
71163
71186
71217
71245
71267
71290
71323
71342
71361
71375
71388
71421
71462
71479
71508
71520
71546
71559
71570
71584
71627
71644
71680
71733
71760
71773
71802
71823
71883
71895
71911
71944
71962
71974
71998
72012
72040
72055
72074
72091
72112
72122
72157
72201
72220
72235
72263
72285
72301
72342
72362
72374
72403
72417
72449
72456
72468
72485
72512
72520
72528
72565
72594
72607
72631
72652
72698
72712
72723
72735
72764
72773
72798
72833
72842
72868
72878
72904
72928
72952
72971
72982
73005
73026
73050
73078
73100
73131
73161
73187
73220
73241
73269
73278
73289
73314
73336
73367
73385
73407
73415
73437
73449
73462
73493
73505
73534
73570
73609
73618
73661
73677
73704
73722
73732
73741
73747
73774
73815
73825
73834
73837
73864
73881
73920
73958
73994
74018
74028
74070
74109
74135
74146
74167
74192
74218
74243
74286
74311
74323
74336
74349
74364
74382
74407
74442
74465
74478
74512
74552
74587
74597
74638
74650
74710
74730
74739
74812
74832
74838
74846
74864
74889
74894
74902
74922
74942
74950
74977
74999
75006
75018
75034
75054
75076
75100
75112
75149
75176
75213
75222
75233
75256
75294
75356
75384
75415
75434
75455
75463
75508
75523
75546
75557
75586
75596
75604
75628
75642
75659
75676
75703
75725
75743
75750
75771
75787
75838
75869
75875
75911
75967
76000
76019
76044
76057
76070
76082
76093
76138
76153
76161
76164
76176
76209
76237
76260
76289
76318
76336
76357
76364
76387
76406
76419
76428
76434
76468
76476
76505
76514
76528
76548
76563
76587
76598
76609
76641
76678
76692
76729
76756
76786
76822
76856
76892
76917
76937
76944
76982
77018
77055
77074
77097
77140
77170
77207
77232
77251
77287
77310
77348
77366
77389
77408
77425
77442
77450
77475
77492
77513
77521
77542
77563
77582
77604
77631
77646
77665
77700
77720
77764
77802
77847
77871
77888
77909
77949
77963
78013
78066
78091
78109
78159
78188
78204
78247
78263
78285
78320
78358
78373
78399
78416
78449
78467
78489
78514
78560
78592
78602
78635
78671
78700
78716
78733
78750
78753
78768
78778
78804
78830
78852
78878
78904
78921
78945
78963
78976
78998
79009
79024
79060
79083
79094
79102
79119
79144
79176
79208
79233
79266
79286
79306
79322
79333
79364
79384
79429
79453
79464
79515
79549
79564
79587
79600
79616
79626
79641
79657
79696
79714
79740
79768
79805
79832
79851
79869
79894
79917
79940
79959
79970
80000
80027
80037
80050
80074
80092
80118
80140
80168
80184
80188
80196
80225
80257
80279
80304
80340
80351
80364
80374
80382
80396
80413
80430
80445
80465
80481
80502
80521
80535
80551
80571
80608
80620
80637
80670
80683
80708
80734
80752
80765
80805
80820
80832
80841
80855
80874
80886
80903
80927
80951
80963
80973
80982
80995
81010
81021
81039
81054
81079
81103
81163
81177
81189
81216
81235
81261
81292
81324
81350
81371
81388
81402
81412
81430
81474
81488
81496
81514
81555
81570
81587
81634
81678
81704
81736
81767
81810
81829
81850
81891
81920
81936
81951
81977
82021
82052
82065
82080
82103
82135
82156
82170
82201
82236
82248
82302
82337
82358
82386
82433
82459
82469
82493
82517
82533
82570
82585
82600
82624
82678
82710
82732
82786
82816
82838
82877
82896
82949
82995
83009
83035
83053
83074
83099
83139
83164
83174
83199
83261
83302
83315
83338
83397
83436
83451
83471
83502
83514
83555
83582
83615
83646
83661
83695
83717
83740
83758
83813
83846
83894
83920
83959
84003
84047
84077
84118
84127
84200
84218
84252
84269
84320
84326
84352
84363
84379
84389
84391
84416
84458
84468
84504
84546
84557
84570
84577
84599
84615
84632
84637
84648
84656
84671
84685
84702
84736
84747
84850
84884
84897
84922
84936
84948
84962
84972
84995
85059
85084
85111
85140
85162
85192
85197
85222
85236
85281
85303
85359
85379
85418
85427
85434
85440
85456
85465
85490
85527
85541
85556
85570
85577
85597
85617
85630
85637
85677
85711
85726
85730
85735
85741
85753
85762
85770
85800
85817
85867
85873
85885
85898
85922
85942
85973
86003
86010
86028
86039
86044
86101
86125
86129
86133
86139
86148
86155
86166
86190
86193
86198
86205
86255
86264
86272
86286
86300
86312
86317
86322
86328
86334
86355
86376
86390
86419
86432
86449
86468
86478
86513
86523
86542
86547
86582
86603
86628
86670
86702
86729
86778
86796
86813
86864
86883
86915
86951
86972
86995
87006
87021
87045
87054
87059
87099
87133
87176
87204
87221
87231
87270
87284
87338
87367
87385
87412
87429
87453
87480
87512
87539
87584
87597
87605
87651
87664
87672
87683
87692
87718
87749
87770
87774
87805
87838
87855
87897
87914
87936
88016
88059
88094
88136
88150
88173
88183
88189
88195
88201
88219
88229
88244
88265
88283
88302
88334
88352
88369
88390
88417
88443
88462
88479
88520
88554
88570
88597
88621
88646
88656
88698
88740
88785
88811
88843
88866
88919
88965
89009
89071
89096
89138
89144
89151
89172
89222
89250
89302
89375
89402
89421
89471
89506
89578
89597
89632
89666
89717
89755
89791
89806
89839
89861
89940
89987
89999
90009
90029
90044
90100
90113
90153
90220
90288
90320
90369
90461
90527
90563
90597
90666
90717
90752
90782
90835
90911
90950
91002
91096
91119
91168
91189
91233
91272
91323
91362
91412
91441
91476
91512
91570
91613
91628
91684
91751
91773
91794
91829
91845
91883
91925
91960
92016
92033
92042
92101
92122
92133
92172
92239
92249
92295
92325
92345
92373
92389
92430
92492
92532
92553
92591
92607
92620
92638
92661
92689
92732
92809
92829
92844
92860
92895
92914
92946
92973
92991
93014
93028
93032
93097
93116
93144
93181
93201
93235
93280
93339
93360
93409
93438
93478
93516
93554
93599
93635
93649
93664
93678
93709
93743
93804
93819
93830
93857
93880
93912
93928
93951
94021
94067
94093
94104
94111
94118
94129
94155
94215
94239
94273
94297
94318
94337
94349
94380
94396
94417
94433
94487
94530
94569
94585
94602
94628
94657
94708
94741
94765
94777
94799
94819
94881
94906
94928
94968
94999
95023
95052
95064
95097
95125
95141
95163
95187
95229
95280
95307
95326
95343
95386
95410
95448
95484
95505
95532
95607
95621
95678
95745
95768
95808
95836
95869
95912
95931
95955
95971
96037
96090
96109
96145
96163
96189
96209
96224
96243
96269
96282
96298
96315
96349
96379
96400
96426
96445
96456
96473
96507
96543
96554
96571
96602
96615
96636
96651
96665
96689
96715
96739
96769
96805
96823
96847
96858
96890
96906
96952
96968
96985
97018
97040
97053
97070
97110
97122
97143
97178
97210
97227
97233
97272
97286
97295
97335
97349
97383
97401
97433
97474
97496
97516
97565
97621
97644
97660
97694
97764
97813
97841
97856
97868
97909
97926
97941
97959
97968
97988
98012
98035
98060
98071
98099
98119
98139
98160
98199
98236
98269
98291
98306
98334
98350
98368
98386
98396
98468
98485
98501
98529
98556
98591
98630
98641
98650
98656
98693
98731
98753
98773
98798
98829
98846
98868
98895
98926
98949
98973
99018
99036
99069
99083
99104
99128
99150
99181
99193
99211
99234
99245
99267
99288
99297
99322
99341
99360
99374
99387
99406
99433
99456
99467
99491
99507
99543
99551
99594
99617
99645
99676
99699
99735
99750
99770
99781
99826
99835
99855
99866
99879
99908
99957
99971
100001
100020
100038
100047
100063
100068
100075
100090
100114
100132
100209
100234
100254
100281
100318
100335
100361
100393
100415
100488
100496
100509
100538
100580
100589
100607
100636
100688
100722
100750
100756
100771
100788
100800
100818
100827
100882
100916
100935
100949
100989
101016
101030
101048
101068
101086
101117
101132
101158
101172
101179
101185
101190
101194
101220
101268
101300
101351
101372
101398
101444
101503
101535
101558
101573
101593
101632
101659
101703
101721
101752
101760
101809
101819
101845
101887
101894
101902
101916
101966
102009
102035
102048
102073
102094
102123
102144
102164
102175
102212
102227
102237
102279
102303
102338
102362
102387
102410
102485
102510
102561
102590
102596
102619
102634
102647
102686
102715
102759
102768
102772
102778
102819
102825
102836
102844
102891
102923
102931
102959
102988
103025
103049
103075
103084
103115
103139
103152
103168
103192
103204
103229
103261
103291
103300
103331
103347
103362
103371
103384
103394
103431
103447
103472
103499
103513
103547
103559
103584
103601
103619
103649
103669
103686
103711
103743
103754
103763
103804
103816
103841
103863
103876
103897
103919
103967
103978
103998
104025
104055
104072
104091
104130
104147
104167
104183
104202
104230
104243
104255
104282
104327
104356
104367
104389
104404
104417
104451
104466
104489
104523
104544
104573
104614
104630
104681
104702
104726
104766
104790
104823
104857
104898
104915
104946
104960
104969
104982
105014
105050
105069
105082
105126
105166
105178
105195
105229
105286
105312
105336
105365
105385
105417
105435
105450
105467
105520
105544
105562
105580
105615
105647
105662
105684
105710
105746
105764
105786
105824
105841
105868
105891
105909
105922
105946
105978
105999
106044
106062
106082
106100
106124
106147
106163
106199
106221
106245
106256
106277
106296
106315
106340
106354
106367
106393
106428
106455
106476
106505
106535
106556
106586
106604
106635
106665
106702
106715
106752
106772
106798
106821
106839
106865
106895
106933
106939
106966
106996
107029
107053
107077
107113
107138
107151
107166
107186
107210
107240
107248
107255
107264
107281
107314
107337
107356
107374
107402
107417
107440
107468
107491
107511
107529
107546
107566
107594
107609
107629
107641
107658
107685
107701
107738
107761
107769
107806
107839
107867
107887
107902
107917
107955
107983
108001
108015
108044
108061
108077
108087
108096
108106
108131
108147
108160
108179
108196
108215
108240
108251
108265
108289
108324
108332
108370
108387
108395
108408
108414
108427
108444
108468
108509
108556
108590
108612
108615
108658
108662
108712
108744
108752
108800
108805
108830
108874
108905
108937
108970
109002
109019
109030
109050
109074
109115
109137
109147
109178
109199
109215
109233
109258
109289
109312
109344
109356
109408
109460
109494
109522
109546
109574
109587
109593
109604
109627
109642
109671
109680
109703
109713
109733
109753
109777
109791
109805
109815
109846
109869
109889
109907
109919
109963
109984
110003
110014
110031
110068
110084
110092
110105
110127
110149
110170
110178
110190
110198
110210
110246
110261
110270
110309
110343
110361
110383
110399
110433
110454
110482
110495
110507
110521
110539
110569
110616
110622
110650
110668
110707
110726
110745
110771
110799
110820
110838
110846
110851
110882
110904
110931
110960
110986
111000
111017
111047
111121
111131
111153
111166
111192
111241
111276
111286
111305
111329
111345
111395
111415
111429
111454
111461
111470
111495
111502
111534
111555
111573
111600
111615
111630
111649
111661
111671
111689
111708
111728
111749
111775
111793
111832
111847
111879
111902
111920
111947
111963
111987
112040
112053
112073
112101
112114
112124
112149
112174
112188
112211
112237
112274
112319
112343
112374
112408
112445
112461
112471
112483
112498
112523
112538
112556
112563
112587
112617
112647
112684
112725
112769
112806
112857
112870
112922
112966
112985
113002
113145
113247
113265
113351
113408
113444
113514
113534
113577
113679
113709
113737
113767
113794
113816
113842
113866
113892
113937
113959
114004
114042
114083
114100
114123
114168
114187
114206
114238
114274
114306
114356
114410
114418
114435
114478
114501
114522
114545
114607
114655
114689
114719
114774
114846
114858
114886
114969
115040
